DMD results
dataset=lv mode=one_per_env n_env=10
train_mse_one_step = 8.141268e-03
test_mse_one_step  = 1.553241e-02 +- 1.971700e-02
test_mse_rollout   = 1.081932e+00 +- 8.385212e-01
